0.30250001 0.99890000 -4.95300007 149 168 172
0.29200000 1.00039995 -4.95300007 124 135 134
0.31459999 0.99739999 -4.95300007 239 251 253
0.30250001 0.99290001 -4.95300007 197 209 209
0.30849999 0.98680001 -4.95300007 152 162 160
0.29650000 0.99290001 -4.95300007 185 194 191
0.32060000 0.99140000 -4.95300007 173 194 197
0.29800001 0.99890000 -4.95300007 122 134 135
0.32060000 0.99739999 -4.95300007 239 251 252
0.31000000 1.00339997 -4.95300007 234 249 250
0.30849999 0.99140000 -4.95300007 200 215 216
0.30849999 0.98079997 -4.95300007 158 165 161
0.31459999 0.98530000 -4.95300007 120 135 137
0.29200000 1.00489998 -4.95450020 123 135 135
0.31610000 1.00339997 -4.95300007 239 251 252
0.31310001 0.97930002 -4.95149994 122 134 134
0.31459999 0.99140000 -4.95300007 181 201 203
0.30849999 0.99890000 -4.95300007 233 248 249
0.29800001 1.00489998 -4.95300007 121 135 137
0.32210001 1.00339997 -4.95300007 241 250 251
0.29499999 0.98079997 -4.95300007 239 249 250
0.31909999 0.97930002 -4.95149994 120 134 135
0.30250001 0.98680001 -4.95300007 235 244 242
0.29650000 0.98680001 -4.95300007 242 250 250
0.32060000 0.98530000 -4.95149994 119 135 138
0.30399999 1.00489998 -4.95300007 153 174 179
0.30100000 0.98079997 -4.95300007 238 246 245
